%YAML:1.0
cameraMatrix: !!opencv-matrix
   rows: 3
   cols: 3
   dt: d
   data: [ 730.9381906596383, 0., 506.22475532300524, 0.,
       731.070486494152, 429.8831277437933, 0., 0., 1. ]
distortionCoefficients: !!opencv-matrix
   rows: 1
   cols: 5
   dt: d
   data: [ 0.0992622320213067, -0.2955600045289815, 
       0.0008630010783667, -0.0004756617022531,
       0.1175650577840048 ]
rotation: !!opencv-matrix
   rows: 3
   cols: 3
   dt: d
   data: [ 1., 0., 0., 0., 1., 0., 0., 0., 1. ]
projection: !!opencv-matrix
   rows: 4
   cols: 4
   dt: d
   data: [ 730.9381906596383, 0., 506.22475532300524, 0.,0.,
       731.070486494152, 429.8831277437933, 0., 0., 0., 1.,
       0., 0., 0., 0., 1. ]
