%YAML:1.0
rotation: !!opencv-matrix
   rows: 3
   cols: 3
   dt: d
   data: [ 0.9615938278689706, 0.1492607278884059,
       0.2303444058676564, -0.1616560593123379,
       0.9861974939909885, 0.0358025325012052,
       -0.2218211637601477, -0.0716640632124443,
       0.9724503243621118 ]
translation: !!opencv-matrix
   rows: 3
   cols: 1
   dt: d
   data: [ -6.417120075998607, -0.6545930084414411,
       -0.1914476420777062 ]
essential: !!opencv-matrix
   rows: 3
   cols: 3
   dt: d
   data: [ 0.1142539115388157, 0.2357159795828891,
       -0.6297048729562837, -1.6075479142286082,
       -0.4884525131772471, 6.196231606006312,
       1.666818940303496, -6.230842708678457,
       -0.0789673124705113 ]
fundamental: !!opencv-matrix
   rows: 3
   cols: 3
   dt: d
   data: [ -2.1961173746891312e-07, -4.5299655355590273e-07,
       1.1906210042308806e-03, 3.0890600053937397e-06,
       9.3843926129196484e-07, -1.0670212545349464e-02,
       -4.8253772337415891e-03, 1.2542402633789211e-02, 1. ]
