%YAML:1.0
cameraMatrix: !!opencv-matrix
   rows: 3
   cols: 3
   dt: d
   data: [ 1.0535387124286060e+03, 0., 9.5122786283926860e+02, 0.,
       1.0538348361017167e+03, 5.3702175248086860e+02, 0., 0., 1. ]
distortionCoefficients: !!opencv-matrix
   rows: 1
   cols: 5
   dt: d
   data: [ 0.0055971983516318,  0.116410774791633, 
       -0.0002495590397735, -0.0005281194057462,
       -0.192996279885084 ]
rotation: !!opencv-matrix
   rows: 3
   cols: 3
   dt: d
   data: [ 1., 0., 0., 0., 1., 0., 0., 0., 1. ]
projection: !!opencv-matrix
   rows: 4
   cols: 4
   dt: d
   data: [ 1.0535387124286060e+03, 0., 9.5122786283926860e+02, 0.,0.,
       1.0538348361017167e+03, 5.3702175248086860e+02, 0., 0., 0., 1.,
       0., 0., 0., 0., 1. ]
